SimulationName	PlotName	Clock.Today	Onion.DAS	Onion.DAE	Onion.SowRate	Onion.Rep	Onion.plot	Onion.LeafLAI	Onion.Summariser.LiveDM	Onion.Leaf.Livewt	Onion.Bulb.Livewt	Onion.Bulb.FreshWt
()	()	()	()	()	()	()	()	(m2/m2)	(g/m2)	(g/m2)	(g/m2)	(t/ha)
SD1_SowRate_60	SD1_rep_1plot_1SowRate_60	2000-10-09	53	31	60	1	1	0.001587	0.444	0.444	0	0
SD1_SowRate_30	SD1_rep_1plot_2SowRate_30	2000-10-09	53	31	30	1	2	0.002087	0.769	0.769	0	0
SD1_SowRate_90	SD1_rep_1plot_3SowRate_90	2000-10-09	53	31	90	1	3	0.008407	2.595	2.595	0	0
SD1_SowRate_15	SD1_rep_1plot_4SowRate_15	2000-10-09	53	31	15	1	4	0.001026	0.500	0.500	0	0
SD1_SowRate_15	SD1_rep_2plot_5SowRate_15	2000-10-09	53	31	15	2	5	0.001322	0.500	0.500	0	0
SD1_SowRate_30	SD1_rep_2plot_6SowRate_30	2000-10-09	53	31	30	2	6	0.002841	0.574	0.574	0	0
SD1_SowRate_60	SD1_rep_2plot_7SowRate_60	2000-10-09	53	31	60	2	7	0.005836	1.373	1.373	0	0
SD1_SowRate_90	SD1_rep_2plot_8SowRate_90	2000-10-09	53	31	90	2	8	0.011109	2.571	2.571	0	0
SD1_SowRate_90	SD1_rep_3plot_9SowRate_90	2000-10-09	53	31	90	3	9	0.025053	3.208	3.208	0	0
SD1_SowRate_60	SD1_rep_3plot_10SowRate_60	2000-10-09	53	31	60	3	10	0.006031	1.279	1.279	0	0
SD1_SowRate_15	SD1_rep_3plot_11SowRate_15	2000-10-09	53	31	15	3	11	0.002402	0.500	0.500	0	0
SD1_SowRate_30	SD1_rep_3plot_12SowRate_30	2000-10-09	53	31	30	3	12	0.004722	0.852	0.852	0	0
SD1_SowRate_60	SD1_rep_1plot_1SowRate_60	2000-11-01	76	54	60	1	1	0.057595	0.182	0.182	0	0
SD1_SowRate_30	SD1_rep_1plot_2SowRate_30	2000-11-01	76	54	30	1	2	0.063139	8.466	8.466	0	0
SD1_SowRate_90	SD1_rep_1plot_3SowRate_90	2000-11-01	76	54	90	1	3	0.153946	13.493	13.493	0	0
SD1_SowRate_15	SD1_rep_1plot_4SowRate_15	2000-11-01	76	54	15	1	4	0.018851	3.675	3.675	0	0
SD1_SowRate_15	SD1_rep_2plot_5SowRate_15	2000-11-01	76	54	15	2	5	0.016154	2.395	2.395	0	0
SD1_SowRate_30	SD1_rep_2plot_6SowRate_30	2000-11-01	76	54	30	2	6	0.029131	7.029	7.029	0	0
SD1_SowRate_60	SD1_rep_2plot_7SowRate_60	2000-11-01	76	54	60	2	7	0.061923	8.392	8.392	0	0
SD1_SowRate_90	SD1_rep_2plot_8SowRate_90	2000-11-01	76	54	90	2	8	0.149548	13.441	13.441	0	0
SD1_SowRate_90	SD1_rep_3plot_9SowRate_90	2000-11-01	76	54	90	3	9	0.240471	25.163	25.163	0	0
SD1_SowRate_60	SD1_rep_3plot_10SowRate_60	2000-11-01	76	54	60	3	10	0.152355	12.461	12.461	0	0
SD1_SowRate_15	SD1_rep_3plot_11SowRate_15	2000-11-01	76	54	15	3	11	0.024213	3.879	3.879	0	0
SD1_SowRate_30	SD1_rep_3plot_12SowRate_30	2000-11-01	76	54	30	3	12	0.033610	10.427	10.427	0	0
SD1_SowRate_60	SD1_rep_1plot_1SowRate_60	2000-11-14	89	67	60	1	1	0.177453	16.808	16.808	0	0
SD1_SowRate_30	SD1_rep_1plot_2SowRate_30	2000-11-14	89	67	30	1	2	0.144405	14.579	14.579	0	0
SD1_SowRate_90	SD1_rep_1plot_3SowRate_90	2000-11-14	89	67	90	1	3	0.657829	64.342	64.342	0	0
SD1_SowRate_15	SD1_rep_1plot_4SowRate_15	2000-11-14	89	67	15	1	4	0.081770	9.340	9.340	0	0
SD1_SowRate_15	SD1_rep_2plot_5SowRate_15	2000-11-14	89	67	15	2	5	0.065740	7.134	7.134	0	0
SD1_SowRate_30	SD1_rep_2plot_6SowRate_30	2000-11-14	89	67	30	2	6	0.181433	22.358	22.358	0	0
SD1_SowRate_60	SD1_rep_2plot_7SowRate_60	2000-11-14	89	67	60	2	7	0.384738	40.533	40.533	0	0
SD1_SowRate_90	SD1_rep_2plot_8SowRate_90	2000-11-14	89	67	90	2	8	0.298928	31.638	31.638	0	0
SD1_SowRate_90	SD1_rep_3plot_9SowRate_90	2000-11-14	89	67	90	3	9	0.362509	39.398	39.398	0	0
SD1_SowRate_60	SD1_rep_3plot_10SowRate_60	2000-11-14	89	67	60	3	10	0.254741	38.191	38.191	0	0
SD1_SowRate_15	SD1_rep_3plot_11SowRate_15	2000-11-14	89	67	15	3	11	0.089501	9.989	9.989	0	0
SD1_SowRate_30	SD1_rep_3plot_12SowRate_30	2000-11-14	89	67	30	3	12	0.129983	17.289	17.289	0	0
SD1_SowRate_60	SD1_rep_1plot_1SowRate_60	2000-11-22	97	75	60	1	1	0.504893	42.448	42.448	0	0
SD1_SowRate_30	SD1_rep_1plot_2SowRate_30	2000-11-22	97	75	30	1	2	0.381271	37.859	37.859	0	0
SD1_SowRate_90	SD1_rep_1plot_3SowRate_90	2000-11-22	97	75	90	1	3	0.942793	77.070	77.070	0	0
SD1_SowRate_15	SD1_rep_1plot_4SowRate_15	2000-11-22	97	75	15	1	4	0.245768	13.000	13.000	0	0
SD1_SowRate_15	SD1_rep_2plot_5SowRate_15	2000-11-22	97	75	15	2	5	0.473968	19.165	19.165	0	0
SD1_SowRate_30	SD1_rep_2plot_6SowRate_30	2000-11-22	97	75	30	2	6	0.330803	27.084	27.084	0	0
SD1_SowRate_60	SD1_rep_2plot_7SowRate_60	2000-11-22	97	75	60	2	7	0.872246	73.562	73.562	0	0
SD1_SowRate_90	SD1_rep_2plot_8SowRate_90	2000-11-22	97	75	90	2	8	1.146632	106.950	106.950	0	0
SD1_SowRate_90	SD1_rep_3plot_9SowRate_90	2000-11-22	97	75	90	3	9	1.723543	115.712	115.712	0	0
SD1_SowRate_60	SD1_rep_3plot_10SowRate_60	2000-11-22	97	75	60	3	10	0.686277	62.058	60.724	1.333333333	0.013
SD1_SowRate_15	SD1_rep_3plot_11SowRate_15	2000-11-22	97	75	15	3	11	0.421119	19.754	19.754	0	0
SD1_SowRate_30	SD1_rep_3plot_12SowRate_30	2000-11-22	97	75	30	3	12	0.803850	51.844	51.844	0	0
SD1_SowRate_60	SD1_rep_1plot_1SowRate_60	2000-12-14	119	97	60	1	1	1.904674	224.948	174.504	50.44444444	4.422222222
SD1_SowRate_30	SD1_rep_1plot_2SowRate_30	2000-12-14	119	97	30	1	2	1.742273	241.249	172.823	68.42606516	6.019298246
SD1_SowRate_90	SD1_rep_1plot_3SowRate_90	2000-12-14	119	97	90	1	3	4.208596	3406.459	3304.694	101.7642903	8.484444444
SD1_SowRate_15	SD1_rep_1plot_4SowRate_15	2000-12-14	119	97	15	1	4	1.278735	87.049	65.933	21.1154961	2.282
SD1_SowRate_15	SD1_rep_2plot_5SowRate_15	2000-12-14	119	97	15	2	5	1.250744	75.564	54.986	20.57865169	2.035
SD1_SowRate_30	SD1_rep_2plot_6SowRate_30	2000-12-14	119	97	30	2	6	2.080085	225.058	179.970	45.0877193	4.252631579
SD1_SowRate_60	SD1_rep_2plot_7SowRate_60	2000-12-14	119	97	60	2  7  2.775381  344.374  251.871  92.50268884  7.764444444
SD1_SowRate_90  SD1_rep_2plot_8SowRate_90  2000-12-14  119  97  90  2  8  4.994310  565.983  432.337  133.6460078  10.80444444
SD1_SowRate_90  SD1_rep_3plot_9SowRate_90  2000-12-14  119  97  90  3  9  2.545984  345.344  249.954  95.39001848  7.32
SD1_SowRate_60  SD1_rep_3plot_10SowRate_60  2000-12-14  119  97  60  3  10  2.412769  308.468  225.276  83.19169719  6.882222222
SD1_SowRate_15  SD1_rep_3plot_11SowRate_15  2000-12-14  119  97  15  3  11  0.785342  52.954  38.973  13.98153846  1.207
SD1_SowRate_30  SD1_rep_3plot_12SowRate_30  2000-12-14  119  97  30  3  12  2.166136  290.047  216.548  73.49932594  6.926315789
SD1_SowRate_60  SD1_rep_1plot_1SowRate_60  2000-12-21  126  104  60  1  1  2.639245  327.098  218.239  108.8594393  10.50888889
SD1_SowRate_30  SD1_rep_1plot_2SowRate_30  2000-12-21  126  104  30  1  2  2.292171  345.915  219.410  126.5054773  11.76666667
SD1_SowRate_90  SD1_rep_1plot_3SowRate_90  2000-12-21  126  104  90  1  3  5.184374  661.671  424.793  236.8774929  23.09555556
SD1_SowRate_15  SD1_rep_1plot_4SowRate_15  2000-12-21  126  104  15  1  4  2.087718  156.945  105.151  51.79336188  5.375
SD1_SowRate_15  SD1_rep_2plot_5SowRate_15  2000-12-21  126  104  15  2  5  2.071108  111.893  76.865  35.02837046  2.873
SD1_SowRate_30  SD1_rep_2plot_6SowRate_30  2000-12-21  126  104  30  2  6  2.330071  244.432  173.934  70.49847541  6.826315789
SD1_SowRate_60  SD1_rep_2plot_7SowRate_60  2000-12-21  126  104  60  2  7  2.633005  457.469  296.896  160.5728215  14.16666667
SD1_SowRate_90  SD1_rep_2plot_8SowRate_90  2000-12-21  126  104  90  2  8  4.873655  636.847  417.403  219.4443903  19.84666667
SD1_SowRate_90  SD1_rep_3plot_9SowRate_90  2000-12-21  126  104  90  3  9  4.704793  0.000  0.000  0  0
SD1_SowRate_60  SD1_rep_3plot_10SowRate_60  2000-12-21  126  104  60  3  10  2.752059  0.000  0.000  0  0
SD1_SowRate_15  SD1_rep_3plot_11SowRate_15  2000-12-21  126  104  15  3  11  2.131630  0.000  0.000  0  0
SD1_SowRate_30  SD1_rep_3plot_12SowRate_30  2000-12-21  126  104  30  3  12  2.281314  0.000  0.000  0  0
SD1_SowRate_60  SD1_rep_1plot_1SowRate_60  2001-01-06  143  121  60  1  1  2.855568  648.692  257.434  391.2572835  37.50888889
SD1_SowRate_30  SD1_rep_1plot_2SowRate_30  2001-01-06  143  121  30  1  2  1.957026  590.675  192.098  398.5768856  34.67894737
SD1_SowRate_90  SD1_rep_1plot_3SowRate_90  2001-01-06  143  121  90  1  3  4.763433  1009.122  399.458  609.6635574  58.59777778
SD1_SowRate_15  SD1_rep_1plot_4SowRate_15  2001-01-06  143  121  15  1  4  0.941408  150.254  48.400  101.8538993  9.677
SD1_SowRate_15  SD1_rep_2plot_5SowRate_15  2001-01-06  143  121  15  2  5  1.907840  254.285  109.044  145.2410297  15.023
SD1_SowRate_30  SD1_rep_2plot_6SowRate_30  2001-01-06  143  121  30  2  6  2.077619  0.000  0.000  0  0
SD1_SowRate_60  SD1_rep_2plot_7SowRate_60  2001-01-06  143  121  60  2  7  2.543826  870.160  274.770  595.3907317  44.32888889
SD1_SowRate_90  SD1_rep_2plot_8SowRate_90  2001-01-06  143  121  90  2  8  4.057943  0.000  0.000  0  0
SD1_SowRate_90  SD1_rep_3plot_9SowRate_90  2001-01-06  143  121  90  3  9  3.931492  773.820  317.341  456.4795255  38.46222222
SD1_SowRate_60  SD1_rep_3plot_10SowRate_60  2001-01-06  143  121  60  3  10  2.528242  0.000  0.000  0  0
SD1_SowRate_15  SD1_rep_3plot_11SowRate_15  2001-01-06  143  121  15  3  11  1.242558  159.605  62.592  97.0128937  10.214
SD1_SowRate_30  SD1_rep_3plot_12SowRate_30  2001-01-06  143  121  30  3  12  1.926074  0.000  0.000  0  0
SD1_SowRate_60  SD1_rep_1plot_1SowRate_60  2001-01-29  166  144  60  1  1  2.613769  0.000  0.000  250.4664923  43.74666667
SD1_SowRate_30  SD1_rep_1plot_2SowRate_30  2001-01-29  166  144  30  1  2  1.551284  0.000  0.000  343.9418308  50.75438596
SD1_SowRate_90  SD1_rep_1plot_3SowRate_90  2001-01-29  166  144  90  1  3  2.679815  0.000  0.000  464.9820972  73.45777778
SD1_SowRate_15  SD1_rep_1plot_4SowRate_15  2001-01-29  166  144  15  1  4  0.183260  0.000  0.000  248.6522946  20.849
SD1_SowRate_15  SD1_rep_2plot_5SowRate_15  2001-01-29  166  144  15  2  5  0.219439  0.000  0.000  245.8561616  20.368
SD1_SowRate_30  SD1_rep_2plot_6SowRate_30  2001-01-29  166  144  30  2  6  1.196168  0.000  0.000  258.791407  35.1245614
SD1_SowRate_60  SD1_rep_2plot_7SowRate_60  2001-01-29  166  144  60  2  7  2.350337  0.000  0.000  436.0467141  75.96444444
SD1_SowRate_90  SD1_rep_2plot_8SowRate_90  2001-01-29  166  144  90  2  8  2.720913  0.000  0.000  271.5734688  45.81533333
SD1_SowRate_90  SD1_rep_3plot_9SowRate_90  2001-01-29  166  144  90  3  9  2.737120  0.000  0.000  0  0
SD1_SowRate_60  SD1_rep_3plot_10SowRate_60  2001-01-29  166  144  60  3  10  2.136087  0.000  0.000  0  0
SD1_SowRate_15  SD1_rep_3plot_11SowRate_15  2001-01-29  166  144  15  3  11  0.217763  0.000  0.000  0  0
SD1_SowRate_30  SD1_rep_3plot_12SowRate_30  2001-01-29  166  144  30  3  12  1.482083  0.000  0.000  0  0
SD1_SowRate_60  SD1_rep_1plot_1SowRate_60  2001-02-09  177  155  60  1  1  1.328482  0.000  0.000  796.5466951  62.412
SD1_SowRate_30  SD1_rep_1plot_2SowRate_30  2001-02-09  177  155  30  1  2  0.596840  0.000  0.000  665.4798628  56.186
SD1_SowRate_90  SD1_rep_1plot_3SowRate_90  2001-02-09  177  155  90  1  3  1.288971  0.000  0.000  804.0125  65.303
SD1_SowRate_15  SD1_rep_1plot_4SowRate_15  2001-02-09  177  155  15  1  4  0.146883  0.000  0.000  880.2922643  78.593
SD1_SowRate_15  SD1_rep_2plot_5SowRate_15  2001-02-09  177  155  15  2  5  0.141610  0.000  0.000  892.8254575  71.845
SD1_SowRate_30  SD1_rep_2plot_6SowRate_30  2001-02-09  177  155  30  2  6  0.713593  0.000  0.000  801.8210464  66.061
SD1_SowRate_60  SD1_rep_2plot_7SowRate_60  2001-02-09  177  155  60  2  7  0.995511  0.000  0.000  746.842014  59.163
SD1_SowRate_90  SD1_rep_2plot_8SowRate_90  2001-02-09  177  155  90  2  8  1.334879  0.000  0.000  836.3090156  63.41
SD1_SowRate_90  SD1_rep_3plot_9SowRate_90  2001-02-09  177  155  90  3  9  1.288183  0.000  0.000  0  0
SD1_SowRate_60  SD1_rep_3plot_10SowRate_60  2001-02-09  177  155  60  3  10  1.138598  0.000  0.000  0  0
SD1_SowRate_15  SD1_rep_3plot_11SowRate_15  2001-02-09  177  155  15  3  11  0.176278  0.000  0.000  0  0
SD1_SowRate_30  SD1_rep_3plot_12SowRate_30  2001-02-09  177  155  30  3  12  0.674106  0.000  0.000  0  0
