SimulationName                                   Nitrogen    final    Clock.Today    AboveGroundLive.Wt   AboveGroundLive.Wterror    leaf.Live.Wt    leaf.Live.Wtleaferror    Stem.Live.Wt    stemerror    lai    laierror    interc    intercerror    AboveGroundLive.N   AboveGroundLive.Nerror    Leaf.Live.N    Leaf.Live.Nerror   Stem.Live.N    Stem.Live.Nerror    Leaf.Live.NConc    Stem.Live.NConc
()                                               ()    ()    ()    (g/m2)    (g/m2)    (g/m2)    (g/m2)    (g/m2)    (g/m2)    ()    ()    ()    ()    ()    ()    (g/m2)    (g/m2)    (g/m2)    (g/m2)    ()    ()
Ashley_Dean_2013_Irrigation_Full_Fertiliser_0    0    0    2013-12-18    326.28    18.36    147.21    17.08    169.85    6.98    2    0.32    0.86    *    6.34    0.58    4.04    0.72    2.2    0.15    2.73    1.3
Ashley_Dean_2013_Irrigation_Full_Fertiliser_0    0    0    2014-01-17    834.26    82.07    286.6    27.34    530.58    60.94    1.95    1    0.82    *    7.93    1.83    4.28    1.38    3.6    0.51    1.47    0.68
Ashley_Dean_2013_Irrigation_Full_Fertiliser_0    0    0    2014-02-18    1008.92    409.45    278.88    102.28    711.94    311.39    3.44    3.86    0.86    *    9.8    3.64    5.1    2.05    4.63    1.6    1.81    0.68
Ashley_Dean_2013_Irrigation_Full_Fertiliser_0    0    0    2014-03-14    925.42    84.69    202.84    22.32    686.81    64.83    3.46    1.59    0.86    *    8.03    0.48    3.27    0.38    4.27    0.51    1.61    0.62
Ashley_Dean_2013_Irrigation_Full_Fertiliser_0    0    0    2014-04-14    1165.12    445.09    200.45    44.35    935.24    375.55    3.96    1.84    0.87    *    10.41    3.49    4    0.93    6.27    2.46    2    0.68
Ashley_Dean_2013_Irrigation_Full_Fertiliser_0    0    1    2014-05-20    1008.22    427.55    146.89    46.78    849.2    370.49    2.69    1.15    0.86    *    10.98    3.86    4.06    1.08    6.83    2.72    2.8    0.81
Ashley_Dean_2013_Irrigation_Full_Fertiliser_75    75    0    2013-12-18    283.35    72.24    127.97    21.58    141.94    47.57    1.76    0.83    0.86    *    5.73    1.77    3.79    1.05    1.8    0.71    2.93    1.26
Ashley_Dean_2013_Irrigation_Full_Fertiliser_75    75    0    2014-01-17    633.09    72.39    212.58    11.16    406.09    58.43    2    2.47    0.9    *    6.62    0.9    3.69    0.56    2.85    0.53    1.75    0.7
Ashley_Dean_2013_Irrigation_Full_Fertiliser_75    75    0    2014-02-18    1284.59    166.02    300.53    69.14    969.36    117.7    2.44    3.38    0.94    *    13.43    2.43    6.45    1.39    6.87    1.1    2.17    0.71
Ashley_Dean_2013_Irrigation_Full_Fertiliser_75    75    0    2014-03-14    1293.09    404.98    251.58    24.58    1013.56    365.58    3.65    2.01    0.93    *    11.77    2.92    4.79    0.82    6.81    2.06    1.9    0.68
Ashley_Dean_2013_Irrigation_Full_Fertiliser_75    75    0    2014-04-14    1388.34    314.88    263.93    45.36    1103.15    244.88    4.16    1.94    0.93    *    14.28    2.72    5.95    0.85    8.21    1.91    2.26    0.75
Ashley_Dean_2013_Irrigation_Full_Fertiliser_75    75    1    2014-05-20    1088.32    426.85    142.46    27.98    924.36    389.97    2.82    1.79    0.92    *    13.36    4.35    4.42    0.98    8.76    3.36    3.09    0.96
Ashley_Dean_2013_Irrigation_Full_Fertiliser_150    150    0    2013-12-18    331.67    124.41    159.12    60.54    162.54    53.42    1.92    1.07    0.84    *    8.03    3.54    5.28    2.23    2.65    1.19    3.33    1.62
Ashley_Dean_2013_Irrigation_Full_Fertiliser_150    150    0    2014-01-17    734.98    111.63    255.17    42.22    473.19    75.33    2.03    1.59    0.94    *    11.48    1.57    5.66    0.76    5.76    1.41    2.24    1.21
Ashley_Dean_2013_Irrigation_Full_Fertiliser_150    150    0    2014-02-18    1382.13    96.24    346.34    28.5    1023.46    104.47    1.89    1.45    0.9    *    17.76    1.29    8.79    0.63    8.9    0.67    2.55    0.88
Ashley_Dean_2013_Irrigation_Full_Fertiliser_150    150    0    2014-03-14    1777.6    334.53    401.97    86.21    1340.33    254.42    2.52    0.89    0.91    *    17.62    0.71    8.31    0.96    9.05    1.23    2.13    0.68
Ashley_Dean_2013_Irrigation_Full_Fertiliser_150    150    0    2014-04-14    1938.71    549.93    297.32    68.45    1615.7    495.92    3.96    1.3    0.9    *    17.36    2.62    6.68    1.37    10.41    1.66    2.26    0.66
Ashley_Dean_2013_Irrigation_Full_Fertiliser_150    150    1    2014-05-20    1589.72    1025.83    261.39    41.47    1308.85    1026    3.16    2.02    0.9    *    18.94    6.67    7.99    2.05    10.77    8.27    3.07    0.88
Ashley_Dean_2013_Irrigation_Full_Fertiliser_300    300    0    2013-12-18    321.74    81.82    158.73    34.28    154.99    48.9    1.87    1.11    0.85    *    10.4    3.35    6.61    1.71    3.63    1.82    4.14    2.28
Ashley_Dean_2013_Irrigation_Full_Fertiliser_300    300    0    2014-01-17    970.39    264.03    318.18    83.69    641.95    200.87    1.46    1.31    0.96    *    20.48    0.62    10.16    1.51    10.13    1.89    3.31    1.69
Ashley_Dean_2013_Irrigation_Full_Fertiliser_300    300    0    2014-02-18    1625.78    86.58    445.21    35.81    1167.59    92.56    1.28    1.16    0.93    *    29.25    6.98    13.09    3.63    16    3.58    2.98    1.36
Ashley_Dean_2013_Irrigation_Full_Fertiliser_300    300    0    2014-03-14    1833.57    131.01    403.93    8.92    1406.7    134.4    2.98    0.22    0.93    *    33.12    2.69    13.43    1.14    19.35    2.01    3.32    1.39
Ashley_Dean_2013_Irrigation_Full_Fertiliser_300    300    0    2014-04-14    2189.93    377.82    372.86    42.9    1771.68    333.97    3.4    0.17    0.93    *    32.92    11.32    11.47    2.36    21    8.89    3.06    1.15
Ashley_Dean_2013_Irrigation_Full_Fertiliser_300    300    1    2014-05-20    2581.48    829.23    292.33    80.98    2271.46    755.93    3.17    0.97    0.92    *    37.44    9.51    10.68    2.76    26.55    7.33    3.67    1.18
Ashley_Dean_2013_Irrigation__Nil_Fertiliser_0    0    0    2013-12-18    164.68    7.58    100.27    10.86    51.59    2.6    1.47    1    0.79    *    4.69    0.55    3.49    0.48    1.07    0.09    3.47    2.09
Ashley_Dean_2013_Irrigation__Nil_Fertiliser_0    0    0    2014-01-17    271.69    70.62    98.26    18.47    149.93    49.37    1.18    0.86    0.78    *    4.04    1.1    1.99    0.31    1.85    0.82    2.04    1.2
Ashley_Dean_2013_Irrigation__Nil_Fertiliser_0    0    0    2014-02-18    206.71    65.75    75.88    40.44    130.83    26.14    1.17    1.12    0.76    *    3.56    1.06    2.04    0.95    1.52    0.19    2.75    1.18
Ashley_Dean_2013_Irrigation__Nil_Fertiliser_0    0    0    2014-03-14    305.68    104.81    131.16    49.78    174.52    56.99    2.14    1.02    0.72    *    5.06    1.7    3.22    0.91    1.84    0.8    2.58    1.04
Ashley_Dean_2013_Irrigation__Nil_Fertiliser_0    0    0    2014-04-14    451.76    142.86    153.17    33.02    293.39    102.78    2.79    0.78    0.71    *    6.12    1.39    3.38    0.61    2.7    0.76    2.22    0.94
Ashley_Dean_2013_Irrigation__Nil_Fertiliser_0    0    1    2014-05-20    516.53    88.75    124.85    7.58    386.24    90.7    2.77    1    0.7    *    6.74    1.07    3.02    0.15    3.67    1.13    2.42    0.94
Ashley_Dean_2013_Irrigation__Nil_Fertiliser_75    75    0    2013-12-18    138.68    58.69    76.13    23.85    52.74    28.51    2.58    1.04    0.76    *    4.3    1.53    2.93    0.84    1.27    0.59    3.87    2.47
Ashley_Dean_2013_Irrigation__Nil_Fertiliser_75    75    0    2014-01-17    321.3    113.67    92.34    9.16    191.82    75.88    2.49    1.83    0.85    *    6.94    3.72    2.68    1.21    2.45    2.59    1.91    1.06
Ashley_Dean_2013_Irrigation__Nil_Fertiliser_75    75    0    2014-02-18    259.98    31.12    86.77    8.65    166.35    22.83    2.7    2.04    0.82    *    7.19    0.5    4.06    0.2    3.02    0.25    4.72    1.82
Ashley_Dean_2013_Irrigation__Nil_Fertiliser_75    75    0    2014-03-14    421.77    42.36    194.96    8.18    222.69    41.27    4.48    1.42    0.8    *    10.58    1.74    7.02    1.02    3.5    0.83    3.6    1.59
Ashley_Dean_2013_Irrigation__Nil_Fertiliser_75    75    0    2014-04-14    590.59    6.35    186.24    10.17    401.38    10.55    4.91    1.58    0.83    *    11.64    1.65    6.55    0.79    5.04    0.83    3.54    1.25
Ashley_Dean_2013_Irrigation__Nil_Fertiliser_75    75    1    2014-05-20    637.02    77.63    119.58    18.41    502.96    72.04    3.79    1.43    0.82    *    9.37    1.05    3.82    0.4    5.42    1.32    3.22    1.07
Ashley_Dean_2013_Irrigation__Nil_Fertiliser_150    150    0    2013-12-18    172.57    84.28    93.86    37.19    67.87    46    2.33    0.32    0.78    *    6.27    3.43    4.05    1.83    2    1.57    4.25    2.8
Ashley_Dean_2013_Irrigation__Nil_Fertiliser_150    150    0    2014-01-17    385.78    175.31    90.32    22.04    229.42    118.56    2.19    1.42    0.87    *    10.53    4.7    3.57    0.87    5.71    3.11    3.95    2.44
Ashley_Dean_2013_Irrigation__Nil_Fertiliser_150    150    0    2014-02-18    266.75    161.53    79.85    47.85    181.94    116.74    3.42    2.62    0.86    *    8.46    4.89    4.25    2.17    4.14    2.75    5.52    2.32
Ashley_Dean_2013_Irrigation__Nil_Fertiliser_150    150    0    2014-03-14    500.15    132.46    206.81    42.29    293.33    91.17    3.49    1.93    0.82    *    14.3    1.32    8.79    0.37    5.51    0.97    4.35    2
Ashley_Dean_2013_Irrigation__Nil_Fertiliser_150    150    0    2014-04-14    773.29    54.04    239.84    39.83    526.06    40.38    4.36    1.3    0.86    *    21.28    7.29    9.95    3.62    11.16    3.57    4.06    2.12
Ashley_Dean_2013_Irrigation__Nil_Fertiliser_150    150    1    2014-05-20    1086.15    292.31    260.44    82.36    807.51    228.4    3.48    0.87    0.86    *    23.74    5.66    10.09    2.96    13.46    2.9    3.89    1.71
Ashley_Dean_2013_Irrigation__Nil_Fertiliser_300    300    0    2013-12-18    253.49    20.48    134.04    4.75    104.32    20.18    1.89    1.59    0.8    *    9.42    0.17    5.89    0.17    3.14    0.53    4.4    3.02
Ashley_Dean_2013_Irrigation__Nil_Fertiliser_300    300    0    2014-01-17    409.66    90.17    113.01    25.34    254.41    45.03    1.54    1.47    0.96    *    14.3    3.74    4.28    2.17    9.08    1.41    3.66    3.61
Ashley_Dean_2013_Irrigation__Nil_Fertiliser_300    300    0    2014-02-18    334.99    21.09    112.02    25.3    222.96    32.44    1.65    1.59    0.9    *    13.85    0.92    6.4    0.34    7.45    1.19    5.85    3.34
Ashley_Dean_2013_Irrigation__Nil_Fertiliser_300    300    0    2014-03-14    549.03    219.51    214.56    54.53    334.47    165.23    3.27    1.51    0.94    *    23.65    3.62    12.23    1.22    11.42    2.76    5.84    3.68
Ashley_Dean_2013_Irrigation__Nil_Fertiliser_300    300    0    2014-04-14    903.78    300.86    265.28    86.52    635.47    217.91    3.15    0.59    0.97    *    34.13    8.89    13.46    4.55    20.57    4.37    5.07    3.33
Ashley_Dean_2013_Irrigation__Nil_Fertiliser_300    300    1    2014-05-20    1126.08    133.46    271.42    53.86    834.71    97.66    2.24    1.06    0.96    *    32.74    1.97    11.46    1.6    20.85    1.68    4.26    2.51
